22339
28470
55156
15288
21902
19972
30032
19658
84585
37293
35317
24113
21484
9660
25758
20657
19655
39860
23097
42564
41743
38605
36414
52682
35856
17905
17798
21846
39049
19696
40649
41183
18414
20061
21209
22626
39963
13861
24462
52512
37900
30461
36344
22676
18407
48109
19765
26212
9534
48083
15604
27451
73473
23932
36727
24642
53132
9861
36381
32969
24121
33339
9709
55476
55959
20751
28245
62421
25971
31999
19154
35774
30959
18406
10520
21522
19126
15501
29598
32106
15181
14758
56936
41300
24065
31541
18915
24519
34296
27031
48193
23804
19329
18273
22031
57404
42630
25509
52534
33351
15869
22501
30075
35969
42967
31459
31814
36403
22554
27174
26411
27720
22172
30401
23680
33836
34009
24847
29669
31166
33272
30968
23761
25347
19933
46727
32660
46616
29768
35299
17638
17509
25994
30073
28577
45420
35183
22439
39634
13005
18012
55685
37469
37166
28220
22843
21446
43269
45803
44105
27470
39452
21027
24120
30835
21196
36928
30848
17948
29026
37542
15994
24279
59410
24796
33288
26185
18261
31911
43884
13270
56134
23355
29702
19980
24842
18937
25535
36705
38757
39813
24715
36754
21244
21818
46786
37012
47456
47227
22881
29293
48634
36507
43245
25148
32440
24465
12120
43144
18606
28678
28167
29172
33060
22751
43436
24264
28143
29389
35974
31003
36007
45820
35585
34823
27314
26901
31188
22895
26864
45127
19189
36495
29358
31553
22058
29375
31221
24367
41338
28865
41547
30425
22892
23207
28716
30108
37324
21387
24794
38361
26666
30518
29760
29092
24853
35007
32318
32607
33637
26810
22512
29551
28338
26910
39369
21661
32618
39695
31886
23897
28341
31815
25711
36485
21168
34651
38104
21856
24071
38548
25974
32012
36515
30652
40234
39166
22741
27811
28154
26653
35393
29168
30669
37233
22988
21802
36071
34786
24479
41815
39651
35017
35054
27963
25809
31500
25452
33348
33481
30495
31888
34855
25733
33348
27103
32197
27416
27421
31651
30473
28850
32610
31400
29726
32823
28019
36305
29204
32059
30644
35393
31723
29223
31619
31952
35431
26785
33904
26186
32549
27883
27029
30535
31436
29209
32333
32622
28979
31928
28758
34339
29466
30487
32354
36515
31530
29015
29427
28600
36260
25173
33667
26924
33041
28132
27016
30069
30852
28847
31211
33387
29489
31819
28381
35180
28305
28655
31692
36791
29855
30421
30291
27476
37449
26604
31645
28779
32309
28391
29121
30655
30243
28780
30801
33677
28995
31761
28419
34146
31165
27829
29821
34979
33583
31114
29550
28792
38075
25767
